0.000000
0.058779
0.095106
0.095106
0.058779
0.000000
-0.058779
-0.095106
-0.095106
-0.058779
-0.000000
0.058779
0.095106
0.095106
0.058779
0.000000
-0.058779
-0.095106
-0.095106
-0.058779
-0.000000
0.058779
0.095106
0.095106
0.058779
-0.000000
-0.058779
-0.095106
-0.095106
-0.058779
-0.000000
0.058779
0.095106
0.095106
0.058779
0.000000
-0.058779
-0.095106
-0.095106
-0.058779
-0.000000
0.058779
0.095106
0.095106
0.058779
-0.000000
-0.058779
-0.095106
-0.095106
-0.058779
0.000000
0.058779
0.095106
0.095106
0.058779
-0.000000
-0.058779
-0.095106
-0.095106
-0.058779
-0.000000
0.058779
0.095106
0.095106
0.058779
-0.000000
-0.058779
-0.095106
-0.095106
-0.058779
-0.000000
0.058779
0.095106
0.095106
0.058779
-0.000000
-0.058779
-0.095106
-0.095106
-0.058779
-0.000000
0.058779
0.095106
0.095106
0.058779
-0.000000
-0.058779
-0.095106
-0.095106
-0.058779
0.000000
0.058779
0.095106
0.095106
0.058779
0.000000
-0.058779
-0.095106
-0.095106
-0.058779
0.000000
0.058779
0.095106
0.095106
0.058779
-0.000000
-0.058779
-0.095106
-0.095106
-0.058779
0.000000
0.058779
0.095106
0.095106
0.058779
0.000000
-0.058779
-0.095106
-0.095106
-0.058779
-0.000000
0.058779
0.095106
0.095106
0.058779
-0.000000
-0.058779
-0.095106
